60599574		
60599574	test1	04/02/2015
59829034	sss	04/03/2015
59851487	sss	04/04/2015
60264474		04/05/2015
59971727	sss	04/06/2015
59481538		04/07/2015
60622218		04/08/2015
60603699		04/09/2015
60617792		04/10/2015
60634024	sss	04/11/2015
60636919		04/12/2015
60637261		
60635416		
60635441		
60351957		
60602328		04/07/2015
60584767		
60621259		
60621336		
60624370		
60633836		
60456855		
60071522		
60602723		
60557796		
60501792		
59819934		
1581260DF		
60634962		
60117829		
60587539		
60112906		
60117558		
60609599		
60626543		
60079554		
1561528QDD		
60239314		
60218604		
60254723		
60581984		
60581986		
60583242		
60193668		
60527082		
60242570		
60229019		
60632355		
60632354		
60208381		
60225648		
60228941		
60587046		
60208439		
60227931		
60615591		
60359033		
60343672		
60221411		
60313484		
60241968		
60501586		
60499088		
60629262		
60635391		
60626823		
60627247		
60627248		
60562374		
60622844		
60629966		
60632189		
60613951		
